PARTIAL
256
95
85
95
95
7
14442
15929
37
7
-14535
20513
15929
37
7
-14535
20514
15929
36
7
-14535
20514
15929
36
7
-14535
20515
15929
35
7
-14535
20515
15929
35
7
-14535
20516
15929
34
7
-14535
20516
15929
34
7
-14535
20516
15929
34
7
-14535
20517
15929
33
7
-14535
20517
15929
33
7
-14535
20518
15929
32
7
-14535
20518
15929
32
7
-14535
20519
15929
31
7
-14535
20519
15929
31
7
-14535
20519
15929
31
7
-14535
20520
15929
30
7
-14535
20520
15929
30
7
-14535
20521
15929
29
7
-14535
20521
15929
29
7
-14535
20522
15929
28
8
-14534
20520
15929
28
10
-14535
20519
15929
28
11
-14534
20518
15929
27
13
-14534
-1556
15929
27
15
-14535
-1556
15929
26
16
-14534
-1558
15929
26
18
-14535
-1558
15929
25
19
-14534
-1560
15929
25
21
-14534
-1562
15929
25
23
-14535
-1562
15929
24
24
-14534
-1564
15929
24
26
-14535
-1564
15929
23
27
-14534
-1566
15929
23
29
-14534
-1567
15929
22
31
-14535
-1568
15929
22
32
-14534
-1570
15929
22
34
-14535
-1570
15929
21
35
-14534
-5036
15929
21
37
-14534
-5037
15929
20
39
-14535
-5038
15929
20
40
-14534
-30503
15929
19
42
-14535
-30504
15929
19
43
-14534
-30506
15929
19
45
-14534
-30507
15929
18
47
-14535
-30508
15929
18
48
-14534
-30509
15929
17
50
-14535
-30510
15929
17
51
-14534
-30511
15929
16
53
-14534
-30513
15929
16
55
-14535
-30514
15929
16
56
-14534
-30515
15929
15
58
-14535
-30516
15929
15
59
-14534
-30517
15929
14
61
-14534
-30519
15929
14
63
-14535
-30519
15929
13
64
-14534
-30521
15929
13
66
-14535
-30522
15929
13
67
-14534
-30523
15929
12
69
-14534
-30525
15929
12
71
-14535
-30525
15929
11
72
-14534
-30527
15929
11
74
-14535
-16063
15929
10
75
-14534
-16065
15929
10
77
-14534
-16067
15929
10
79
-14535
-16067
15929
9
80
-14534
-16069
15929
9
82
-14535
-16069
15929
8
83
-14534
-16071
15929
8
15047
38
-14534
15929
7
16
15031
40
15929
7
-5057
1
15001
1
15003
1
15008
3
15014
48
-5057
1
15002
1
15001
1
15008
1
15003
1
15013
48
-5057
1
15002
1
15001
1
15004
2
15002
1
15003
1
15013
48
-5057
1
15003
1
15005
2
15002
1
15003
1
15013
48
-5057
1
15002
1
15001
1
15008
1
15003
1
15013
48
-5057
1
15002
1
15001
1
15004
2
15002
1
15003
1
15013
48
-5057
1
15001
1
15003
1
15003
2
15003
3
15014
48
-5057
1
15031
48
-5057
1
15031
48
-5057
1
15031
48
-5057
1
15001
1
15003
1
15008
3
15014
48
-5057
1
15001
1
15003
1
15007
1
15003
1
15013
48
